5/16/2021 5:15:12 PM : 1 1 2 3 5
5/16/2021 5:15:13 PM : 1 1 2 3 5 8 13 21
5/16/2021 5:15:14 PM : 1 1 2 3 5 8
5/16/2021 5:15:15 PM : 1 1 2 3 5 8 13 21 34 55 89 144 233
5/16/2021 5:15:16 PM : 1 1 2 3 5 8 13 21 34 55
5/16/2021 5:15:17 PM : 1 1 2 3 5 8 13 21 34 55
5/16/2021 5:15:18 PM : 1 1 2 3 5 8 13 21 34 55 89 144
5/16/2021 5:15:19 PM : 1 1 2 3 5 8 13 21 34 55 89 144 233 377 610 987 1597
5/16/2021 5:15:20 PM : 1
5/16/2021 5:15:22 PM : 1 1 2 3 5 8 13 21 34 55 89 144 233 377
5/16/2021 5:15:23 PM : 1 1 2 3 5 8 13 21 34 55 89 144 233 377 610 987 1597 2584 4181
5/16/2021 5:15:24 PM : 1 1 2 3 5 8 13
5/16/2021 5:15:25 PM : 1
5/16/2021 5:15:26 PM : 1 1 2 3 5 8 13 21 34 55 89
5/16/2021 5:15:27 PM : 1 1 2 3 5 8 13 21 34 55 89 144 233 377 610 987 1597 2584 4181
5/16/2021 5:15:28 PM : 1 1 2 3 5 8 13 21 34 55 89 144
5/16/2021 5:15:29 PM : 1 1 2 3 5 8 13 21 34 55 89 144 233 377
5/16/2021 5:15:30 PM : 1 1 2 3 5
5/16/2021 5:15:31 PM : 1 1 2 3 5 8 13 21 34 55 89 144 233 377 610
5/16/2021 5:15:32 PM : 1 1 2 3 5 8 13 21 34 55 89 144 233 377 610 987 1597 2584 4181
5/16/2021 5:15:33 PM : 1 1 2 3 5 8 13 21 34 55 89 144 233 377 610 987 1597
5/16/2021 5:15:34 PM : 1 1 2 3 5 8 13 21 34 55 89 144
5/16/2021 5:15:35 PM : 1 1 2 3 5 8 13 21 34 55 89 144 233 377 610 987 1597 2584
5/16/2021 5:15:36 PM : 1 1 2 3 5 8 13 21 34 55 89 144 233 377
5/16/2021 5:15:37 PM : 1 1 2 3 5 8 13 21 34 55 89 144
5/16/2021 5:15:38 PM : 1 1 2 3 5 8 13
5/16/2021 5:15:39 PM : 1 1 2 3 5 8 13 21 34 55 89 144 233 377
5/16/2021 5:15:40 PM : 1 1 2 3 5 8 13 21 34 55 89 144
5/16/2021 5:15:41 PM : 1 1 2 3 5 8 13 21 34 55 89 144
5/16/2021 5:15:42 PM : 1 1 2 3 5 8 13 21 34 55 89 144 233 377 610
5/16/2021 5:15:43 PM : 1 1 2 3 5 8 13 21 34
5/16/2021 5:15:44 PM : 1 1 2 3 5 8 13
5/16/2021 5:15:45 PM : 1 1 2 3
5/16/2021 5:15:46 PM : 1 1 2 3 5 8 13 21 34
5/16/2021 5:15:47 PM : 1 1 2 3 5 8 13
5/16/2021 5:15:48 PM : 1 1 2 3 5 8 13 21 34 55 89 144 233 377 610
5/16/2021 5:15:49 PM : 1 1 2 3 5 8 13 21 34 55 89 144 233 377 610 987 1597 2584
5/16/2021 5:15:50 PM : 
5/16/2021 5:15:51 PM : 1 1 2 3 5 8 13 21
5/16/2021 5:15:52 PM : 1 1 2 3 5 8 13 21 34 55 89 144 233
5/16/2021 5:15:53 PM : 1 1 2 3
5/16/2021 5:15:54 PM : 
5/16/2021 5:15:55 PM : 1 1 2 3 5 8 13 21 34 55 89 144
5/16/2021 5:15:56 PM : 1 1 2 3 5 8 13 21 34 55 89 144 233 377 610 987
5/16/2021 5:15:57 PM : 1 1 2 3 5 8 13 21 34 55 89 144 233 377 610
5/16/2021 5:15:58 PM : 1 1 2 3 5 8 13 21 34 55 89 144
5/16/2021 5:15:59 PM : 1 1 2 3 5
5/16/2021 5:16:00 PM : 1 1 2 3 5 8 13 21 34 55 89
5/16/2021 5:16:01 PM : 1 1 2 3 5 8 13 21 34 55 89 144 233
5/16/2021 5:16:02 PM : 1 1 2 3 5 8 13 21 34 55 89
5/16/2021 5:16:03 PM : 1 1 2 3 5 8 13 21 34 55 89 144
5/16/2021 5:16:04 PM : 1
5/16/2021 5:16:05 PM : 1 1 2 3 5 8
5/16/2021 5:16:06 PM : 1 1 2 3 5 8 13 21 34 55 89 144 233 377 610 987
5/16/2021 5:16:07 PM : 1 1 2 3 5
5/16/2021 5:16:08 PM : 1 1 2 3 5 8 13 21 34 55 89 144 233
5/16/2021 5:16:09 PM : 1 1 2 3 5 8 13 21 34
5/16/2021 5:16:10 PM : 1 1 2 3 5 8 13 21 34 55 89 144
5/16/2021 5:16:11 PM : 1
5/16/2021 5:16:12 PM : 1 1 2
5/16/2021 5:16:13 PM : 1 1 2 3 5 8 13 21 34 55 89 144 233 377 610
5/16/2021 5:16:14 PM : 1 1 2 3 5 8 13 21 34 55 89 144 233 377 610 987 1597 2584 4181
5/16/2021 5:16:15 PM : 1 1 2 3 5
5/16/2021 5:16:16 PM : 1 1 2 3 5
5/16/2021 5:16:17 PM : 1 1 2 3 5
5/16/2021 5:16:18 PM : 1 1 2 3 5 8 13 21 34 55 89
5/16/2021 5:16:19 PM : 1 1 2
5/16/2021 5:16:20 PM : 1 1 2 3 5 8 13 21 34 55 89 144
5/16/2021 5:16:21 PM : 1 1 2
5/16/2021 5:16:22 PM : 1 1 2
5/16/2021 5:16:23 PM : 1 1 2 3 5 8 13 21 34 55 89 144 233 377
5/16/2021 5:16:24 PM : 1 1 2 3 5 8 13 21 34 55 89 144 233 377
5/16/2021 5:16:25 PM : 1 1 2 3 5 8 13 21 34 55 89 144 233 377 610 987 1597
5/16/2021 5:16:26 PM : 1
5/16/2021 5:16:27 PM : 1 1 2 3 5 8 13 21 34 55 89 144 233 377 610
5/16/2021 5:16:28 PM : 1 1 2 3 5 8 13 21 34 55 89 144 233 377 610 987
5/16/2021 5:16:29 PM : 
5/16/2021 5:16:30 PM : 1 1
5/16/2021 5:16:31 PM : 1 1 2 3 5 8 13 21 34 55 89 144 233 377 610 987 1597 2584
5/16/2021 5:16:32 PM : 1 1 2 3 5 8 13 21 34 55 89 144 233 377 610 987 1597 2584 4181
5/16/2021 5:16:33 PM : 1
